1433
1449
1617
1735
1750
1764
1863
1885
1983
2176
2286
2407
4919
17956
18130
18170
18247
18271
18276
18279
18324
18431
18434
18444
18457
18532
18583
18586
18613
18727
18743
18851
18892
18958
18975
18994
18995
19011
19026
19066
19091
19194
19195
19281
19337
19351
19368
19435
19477
19602
19721
19871
19915
19962
20065
20147
20255
20323
20357
20403
20443
20497
20505
20526
20540
20574
20607
20663
20691
20755
20828
20868
20995
21006
21059
21133
21166
21199
21264
21276
21420
21524
21543
21547
21575
21604
21621
21638
21698
21763
21783
21802
21845
22002
22054
22075
22122
22147
22228
22288
22355
22386
22387
22388
22419
22471
22481
22513
22514
22614
22671
22779
23070
23074
23155
23338
23402
23405
23410
23546
23549
23575
23633
23660
23685
23758
23764
23839
23873
23875
23924
23925
23952
23998
24002
24104
24183
24213
24239
24287
24337
24362
24492
24500
24504
24644
24746
24782
24801
24842
24893
24955
25185
25258
25406
25438
25537
25542
25560
25699
25712
25714
25718
25747
25805
25809
25821
25848
26042
26098
26104
26151
26189
26211
26246
26257
26326
26336
26364
26411
26428
26432
26530
26543
26548
26553
26566
26671
26692
26697
26769
26816
26833
26840
26842
26883
26920
26995
27014
27022
27025
27142
27162
27265
27275
27313
27342
27370
27400
27495
27555
27563
27610
27636
27756
27766
27789
27794
27805
27818
27841
27856
27880
27914
27963
28048
28073
28100
28172
28186
28226
28232
28243
28273
28279
28331
28455
28629
28712
28714
28785
28942
28956
28992
29023
29031
29088
29171
29297
29366
29375
29433
29509
29622
29766
29844
29890
29918
30259
30362
30398
30429
30454
30523
30618
30717
30730
30735
30761
31010
31122
31176
31234
31276
31502
31708
32085
32107
32108
32141
32143
32165
32223
32278
32358
32482
32572
32708
32761
32823
32998
33057
33107
33113
33324
33337
33431
33440
33481
33483
33548
33808
33811
33891
33954
33963
34124
34164
34179
34184
34368
34431
34562
34563
34655
34663
34745
34912
34945
34997
35080
35124
35203
35213
35231
35289
35325
35430
35510
35679
35722
35725
35759
35820
35863
35864
36018
36134
36215
36228
36517
36519
36643
36652
36663
36732
36780
36785
36799
36814
36900
36902
36903
36911
37470
37631
37662
37933
38248
38335
38425
38441
38451
38553
38699
38703
38775
38854
38860
38871
38946
39053
39062
39100
39128
39174
39263
39345
39427
39526
39602
39614
39890
39900
40007
40018
40131
40358
40435
40474
40475
40495
40539
40565
40655
40746
40823
40832
40872
41043
41140
41169
41211
41219
41268
41278
41342
41357
41531
41567
41697
41754
41823
41899
41915
41958
41966
41968
41989
42006
42007
42026
42049
42082
42165
42208
42239
42266
42322
42367
42371
42422
42454
42467
42686
42762
42877
42887
42918
42936
42968
43074
43107
43289
43385
43464
43552
43557
43599
43706
43707
43735
43737
43759
43774
43993
44030
44040
44051
44069
44096
44161
44267
44268
44419
44496
44509
44533
44582
44790
44803
44884
44900
44926
44975
44991
45006
45013
45037
45092
45128
45170
45180
45234
45265
45296
45328
45344
45491
45645
45686
45749
45853
45898
46027
46037
46105
46110
46316
46384
46385
46416
46448
46467
46587
46652
46743
46780
46816
46828
46949
46973
46989
47097
47102
47167
47189
47218
47226
47405
47414
47468
47489
47502
47506
47507
47530
47555
47558
47566
47590
47608
47653
47663
47719
47756
47776
47809
47886
47900
47910
47996
48000
48124
48214
48223
48271
48277
48370
48371
48514
48527
48537
48598
48613
48704
48748
48797
48820
48852
48853
48858
48931
48952
49012
49065
49070
49111
49136
49230
49264
49278
49337
49367
49379
49448
49470
49497
49516
49527
49559
49595
49611
49656
49663
49840
49842
49853
49893
49913
49926
49928
49943
49959
50052
50086
50095
50109
50115
50207
50298
50339
50352
50358
50400
50436
50632
50707
50733
50785
50876
50881
50954
50975
50994
51023
51056
51158
51171
51195
51268
51463
51518
51676
51696
51718
51737
51772
51784
51799
51811
51861
51903
52327
52445
52560
52695
52740
52757
52768
52833
53027
53254
53389
53491
53514
53555
53589
53938
54027
54068
54125
54179
54511
54560
54619
54708
54737
54894
54944
55025
55037
55056
55075
55128
55182
55210
55238
55250
55365
55426
55428
55440
55525
55537
55539
55545
55567
55651
55671
55772
55815
55839
55840
55853
55862
55878
55915
56189
56209
56219
56264
56275
56287
56351
56379
56431
56531
56552
56584
56593
56664
56726
56777
56832
56854
56855
56912
56948
56988
57029
57276
57314
57319
57343
57414
57646
57832
57879
57918
58124
58149
58205
58209
58228
58229
58231
58266
58289
58426
58476
58484
58566
58586
58621
58693
58697
58735
58872
58916
58961
59032
59080
59093
59112
59119
59158
59167
59224
59251
59263
59399
59447
59604
59628
59747
59780
59781
59862
59991
60041
60063
60115
60162
60170
60354
60361
60493
60518
60605
60775
60897
60968
60977
61140
61213
61215
61296
61409
61566
61571
61624
61771
61776
61981
62013
62042
62047
62066
62123
62141
62144
62195
62235
62269
62310
62629
62785
62794
62921
63017
63126
63296
63297
63330
63336
63340
63356
63386
63403
63522
63527
63595
63604
64055
64079
64104
64127
64149
64179
64199
64352
64595
64702
64853
64960
64970
65047
65158
65181
65337
65386
65554
65579
65833
65896
65983
66083
66123
66163
66253
66506
66512
66649
66673
66938
67001
67015
67017
67049
67065
67082
67087
67097
67100
67102
67197
67265
67480
67482
67485
67708
67805
67828
67908
67913
67941
67944
67945
67967
68005
68067
68102
68140
68164
68207
68245
68305
68359
68411
68589
68593
68626
69689
71238
71735
71843
71859
71907
71991
72032
72058
72089
72120
72133
72148
72283
72290
72297
72367
72406
72498
72526
72626
72664
72693
72733
72744
72802
72808
72818
72873
72994
73005
73014
73121
73135
73226
73233
73239
73451
73490
73574
73586
73878
73892
73936
74007
138752
237684
237818
237821
237871
237890
237965
237990
238028
238093
238147
238159
238203
238326
238374
238472
238491
238591
238626
238632
238644
238673
238688
238745
238809
238855
238861
238874
239028
239235
239398
239516
239678
239733
239743
239832
239991
240047
240051
240086
240088
240094
240175
240409
240412
240432
240455
240465
240517
240535
240566
240593
240596
240602
240629
240767
240913
240972
241249
241474
241476
241537
241638
241639
241640
241699
241711
241716
241757
241809
241841
241924
241930
242058
242130
242181
242200
242202
242220
242223
242329
242435
242446
242468
242696
242728
242742
242860
242878
242899
242939
242940
243015
243040
243050
243118
243189
243198
243380
243440
243516
243597
243640
243864
243884
243892
243924
243958
244105
244119
244150
244222
244313
244345
244347
244379
244468
244499
244534
244586
244595
244607
244757
244762
244772
244884
244998
245048
245134
245174
245180
245226
245462
245473
245603
245613
245630
245635
245705
245754
245827
245939
245997
246000
246049
246064
246072
246077
246085
246122
246508
246590
246617
246688
246796
246824
247046
247070
247094
247097
247174
247182
247244
247296
247326
247357
247358
247436
247439
247461
247481
247517
247539
247624
247630
247636
247699
247734
247747
247783
247786
247816
248121
248416
248977
249538
249560
249682
249759
249768
249790
249843
249854
249885
249907
249924
249926
249930
249940
249980
249997
250074
250098
250149
250175
250203
250242
250464
250514
250563
250566
250597
250609
250625
250634
250654
250671
250694
250721
250761
250843
250885
250973
251161
251183
251217
251241
251273
251314
251350
251371
251506
251522
251545
251635
251676
251685
251699
251703
251709
251710
251934
251937
251980
252016
252042
252249
252285
252308
252403
252467
252611
252628
252630
252658
252927
252943
252957
252963
252972
253024
253037
253104
253106
253160
253217
253305
253381
253440
253518
253569
253584
253586
253612
253630
253645
253691
253703
253775
253779
253828
253837
253927
254085
254110
254115
254118
254125
254176
254197
254252
254286
254323
254331
254349
254452
254515
254555
254579
254618
254623
254631
254662
254665
254669
254672
254761
254778
254841
254917
255025
255070
255087
255121
255317
255408
255429
255458
255463
255501
255609
255621
255630
255682
255697
255707
255774
255880
255931
256013
256025
256116
256117
256253
256260
256348
256377
256437
256482
256500
256531
256533
256614
256660
256687
256715
256745
256760
256784
256797
256825
256837
256887
256950
256954
256992
257118
257151
257172
257182
257280
257288
257294
257314
257404
257474
257544
257575
257576
257689
257694
257709
257716
257723
257783
257794
257813
257919
257943
257949
257987
258019
258022
258082
258219
258250
258335
258341
258374
258476
258599
258600
258607
258637
258640
258706
258811
258827
258858
258926
258970
258993
258994
259019
259024
259046
259090
259157
259172
259224
259249
259308
259377
259380
259416
259447
259487
259503
259540
259661
259662
259707
259738
259745
259799
259838
259857
259906
259941
260064
260098
260100
260104
260127
260205
260257
260310
260315
260343
260378
260445
260480
260501
260503
260506
260520
260535
260548
260574
260607
260622
260709
260889
260928
260942
260978
260984
261023
261067
261109
261119
261199
261249
261264
261294
261296
261309
261331
261445
261462
261463
261541
261542
261597
261635
261646
261660
261723
261748
261781
261796
261809
261838
261880
261899
262032
262036
262096
262146
262188
262191
262245
262323
262342
262348
262352
262413
262443
262457
262470
262472
262545
262595
262645
262878
262981
263054
263350
263389
263412
263459
263499
263530
263539
263577
263590
263653
263672
263707
263779
263814
263823
264175
264303
264398
264451
264785
264990
265041
265102
265229
265232
265436
265573
265603
265645
265650
265707
265849
265893
265967
265978
266008
266037
266317
266351
266417
266469
266489
266497
266518
266629
266653
266703
266711
266842
267117
267185
267208
267233
267307
267417
267454
267467
267528
267539
267712
267823
267831
267873
267967
267987
267996
268015
268069
268077
268164
268181
268334
268370
268379
268394
268444
268510
268548
268729
268733
268750
268796
268836
268971
269035
269062
269092
269099
269188
269204
269215
269232
269331
269336
269456
269759
269896
270083
270096
270102
270104
270182
270264
270301
270427
270466
270566
270571
270591
270599
270636
270742
270809
270835
270911
270996
270999
271060
271118
271316
271319
271332
271417
271424
271491
271531
271548
271590
271613
271635
271652
271666
271833
271892
271903
271949
272021
272112
272139
272176
272279
272285
272315
272443
272454
272527
272535
272549
272762
272780
272898
272920
272955
272957
272993
273044
273072
273195
273206
273353
273475
273481
273486
273569
273600
273616
273629
273659
273799
273887
273901
273905
273906
274126
274131
274179
274242
274332
274490
274555
274636
274651
274759
274772
274808
274885
274952
274990
275105
275225
275324
275375
275386
275504
275513
275527
275548
275667
275765
275776
275831
275915
275952
276143
276150
276220
276247
276298
276414
276423
276459
276466
276529
276747
276839
276865
276868
276877
276899
277040
277137
277194
277208
277211
277245
277308
277314
277352
277425
277541
277680
277706
277731
277737
278058
278086
278158
278215
278237
278556
278557
278655
278672
278699
278967
279004
279011
279041
279074
279096
279243
279370
279452
279456
279464
279474
279537
279631
279637
279664
279727
279780
279825
279833
279958
280180
280227
280230
280245
280279
280289
280325
280328
280420
280445
280497
280502
280554
280592
280609
280617
280621
280656
280691
280712
280730
280779
280801
280815
280934
281069
281071
281191
281248
281288
281294
281302
281324
281383
281459
281503
281550
281617
281651
281733
281747
281749
281768
281811
281823
281826
281830
281831
281899
281914
281998
282029
282033
282067
282096
282140
282207
282540
282640
282704
282874
282878
282944
283013
283022
283083
283093
283100
283104
283202
283207
283215
283247
283404
283408
283432
283448
283468
283472
283552
283636
283701
283712
283718
283722
283724
283734
283748
283750
283755
283757
283762
283770
283771
283793
283804
283879
283881
283939
283945
283953
283954
283955
284060
284125
284129
284184
284255
284329
284330
284478
284507
284564
284721
284776
284838
284859
284883
284888
284932
285059
285076
285094
285097
285098
285176
285221
285286
285288
285299
285306
285347
285381
285445
285446
285483
285563
285596
285683
285752
285760
285763
285777
285958
285996
286015
286090
286198
286232
286287
286313
286356
286360
286379
286398
286413
286435
286505
286513
286534
286584
286660
286661
286682
286713
286715
286768
286778
286935
286952
287039
287147
287212
287231
287311
287369
287370
287386
287400
287439
287494
287507
287663
287672
287678
287806
287831
287880
287905
287909
288025
288065
288067
288186
288209
288238
288293
288311
288313
288340
288389
288439
288440
288455
288491
288492
288562
288563
288565
288566
288619
288621
288845
288857
288886
288908
288948
289019
289027
289169
289173
289210
289220
289246
289247
289380
289400
289407
289425
289494
289567
289656
289657
289720
289796
289814
289824
289946
289950
289990
290002
290213
290235
290251
290287
290329
290330
290336
290355
290490
290514
290542
290601
290628
290637
290715
290729
290758
290830
290839
290885
290904
290910
290917
290922
290930
291045
291065
291088
291095
291106
291222
291302
291434
291438
291465
291468
291478
291499
291500
291696
291712
291728
291780
291898
291907
291952
291956
291967
291990
292027
292052
292151
292240
292259
292296
292375
292390
292402
292404
292413
292463
292593
292629
292647
292651
292660
292693
292751
292761
292769
292799
292830
292901
292911
292921
292994
292998
293026
293039
293062
293212
293217
293296
293311
293320
293344
293374
293391
293412
293464
293509
293583
293590
293613
293704
293712
293732
293739
293789
293801
293813
293882
293921
293940
293981
294004
294007
294024
294037
294042
294061
294169
294192
294201
294313
294377
294417
294451
294495
294516
294536
294561
294580
294587
294620
294779
294818
294819
294821
294831
294892
294893
294942
294997
295039
295048
295059
295117
295157
295193
295209
295237
295275
295314
295343
295416
295444
295477
295480
295492
295500
295594
295674
295720
295731
295735
295744
295745
295761
295777
295852
295856
295898
295926
295932
295942
296034
296153
296195
296262
296370
296427
296469
296476
296479
296567
296575
296708
296709
296739
296843
296859
296886
296912
296917
296922
296929
296935
296953
296972
297007
297066
297080
297089
297138
297159
297290
297338
297371
297378
297391
297489
297547
297580
297652
297686
297716
297793
297886
297941
297949
297958
297968
297986
298080
298086
298189
298203
298205
298276
298299
298315
298316
298353
298387
298414
298472
298487
298505
298533
298544
298596
298681
298737
298742
298744
298754
298810
298848
298866
298867
298877
298942
298964
298972
298975
298985
299029
299031
299045
299165
299195
299215
299260
299299
299335
299354
299503
299506
299530
299598
299617
299627
299632
299700
299791
299796
299817
299840
299893
299896
299900
299901
299963
300028
300166
300192
300251
300275
300283
300382
300412
300440
300460
300537
300572
300637
300708
300748
300795
300877
300900
300960
300995
300996
301108
301119
301227
301342
301457
301494
301530
301574
301612
301645
301651
301693
301737
301763
301782
301794
301819
301825
301841
301950
301971
302018
302074
302115
302135
302228
302247
302303
302343
302362
302386
302427
302436
302504
302531
302533
302558
302560
302640
302746
302750
302807
302843
302871
302924
302950
302960
302987
303003
303017
303048
303109
303173
303194
303205
303261
303279
303283
303285
303358
303470
303502
303533
303573
303597
303631
303639
303784
303819
303849
303860
303866
303883
303886
303918
303932
303971
304092
304119
304187
304219
304279
304288
304364
304453
304458
304477
304500
304535
304536
304604
304610
304635
304636
304640
304669
304674
304709
304720
304862
304864
304906
304911
304959
304986
305042
305069
305079
305126
305133
305144
305234
305242
305280
305321
305330
305358
305396
305405
305423
305496
305534
305546
305576
305594
305644
305666
305701
305709
305713
305716
305823
305828
305944
305946
306028
306055
306211
306212
306284
306301
306302
306305
306328
306353
306384
306536
306546
306591
306608
306689
306692
306698
306729
306743
306820
306832
306850
306866
306883
306950
306966
307038
307046
307098
307147
307158
307179
307244
307256
307337
307343
307432
307481
307484
307497
307507
307522
307534
307586
307613
307666
307719
307786
307888
307907
308050
308066
308129
308192
308204
308215
308311
308343
308364
308388
308427
308437
308445
308452
308456
308503
308504
308565
308628
308641
308696
308705
308711
308741
308782
308804
308826
308843
308886
308937
308938
308979
308980
308986
309078
309092
309103
309107
309110
309193
309196
309224
309297
309318
309328
309366
309393
309467
309475
309600
309606
309646
309662
309681
309740
309759
309765
309892
309946
309978
310036
310055
310069
310106
310122
310208
310309
310334
310379
310500
310504
310506
310522
310567
310597
310640
310692
310717
310756
310781
310798
310833
310846
310984
311024
311037
311085
311122
311145
311148
311189
311196
311240
311266
311287
311441
311455
311469
311474
311530
311562
311673
311712
311844
311869
311994
311995
312016
312030
312033
312037
312051
312072
312080
312088
312133
312153
312157
312187
312253
312272
312306
312371
312372
312414
312431
312472
312561
312572
312735
312744
312762
312779
312801
312814
312841
312915
312940
313024
313075
313077
313097
313109
313131
313139
313170
313185
313243
313245
313259
313315
313378
313455
313519
313521
313527
313580
313585
313727
313747
313756
313825
313834
313937
313941
313945
313951
313979
314069
314087
314115
314145
314148
314185
314208
314221
314264
314356
314451
314464
314467
314493
314495
314496
314503
314519
314527
314542
314616
314663
314664
314673
314699
314734
314740
314759
314791
314869
314876
314904
314910
314915
314955
315010
315014
315022
315050
315228
315233
315312
315336
315396
315414
315469
315473
315502
315542
315544
315548
315584
315603
315656
315677
315691
315733
315769
315774
315803
315839
315929
315938
315989
316036
316054
316118
316148
316216
316222
316260
316303
316322
316331
316339
316362
316414
316456
316567
316667
316713
316793
316840
316853
316859
316918
316939
316945
317084
317086
317123
317148
317203
317263
317297
317314
317348
317382
317447
317495
317511
317524
317608
317755
317809
317831
317896
317982
318004
318043
318059
318069
318084
318139
318272
318349
318392
318484
318568
318646
318706
318737
318836
318837
318854
318867
318890
318973
319032
319075
319078
319097
319100
319104
319106
319184
319228
319253
319283
319370
319432
319487
319507
319607
319615
319644
319678
319707
319791
319800
319872
319883
319897
319921
319936
319945
320182
320199
320201
320287
320311
320370
320403
320424
320482
320514
320522
320538
320557
320558
320574
320729
320741
320743
320781
320788
320818
320840
320877
320898
320904
320924
320938
320986
321035
321049
321170
321204
321296
321328
321354
321411
321434
321647
321654
321724
321752
321793
321821
321871
321872
322078
322214
322352
322693
322701
322702
322832
322875
322880
322890
322992
322997
323047
323122
323131
323191
323266
323297
323307
323486
323546
323585
323719
323779
323834
323976
323988
323997
324027
324037
324040
324285
324286
324305
324333
324340
324342
324527
324539
324563
324576
324704
324738
324754
324786
324803
324955
324962
325086
325144
325228
325247
325255
325257
325263
325265
325278
325286
325368
325474
325636
325666
325667
325694
325713
325791
325833
325963
326001
326038
326054
326056
326070
326152
326167
326213
326232
326342
326356
326441
326469
326606
326732
326940
327000
327004
327012
327050
327108
327168
327210
327254
327347
327386
327424
327562
327635
327640
327697
328176
328342
328389
328506
328591
328623
328654
328658
328904
328910
328932
329003
329069
329119
329310
329317
329382
329434
329456
329546
329683
329688
330525
337081
338272
349947
354579
361581
369520
370645
371895
372040
372052
372064
373279
373673
376350
378038
378493
379141
379344
387410
387426
387494
387496
387559
388269
388311
388436
388470
388562
388574
388661
388686
388851
389038
389173
392154
392225
392317
393364
394943
395041
395364
395422
395661
395701
395718
396094
396737
397029
397364
397960
398936
399435
399478
400147
400158
400169
400430
400610
401430
402403
403308
403309
403322
403606
405767
407571
410329
411046
411124
413753
415144
415435
415594
416550
416552
416846
416848
416880
417379
418854
418870
419266
421438
422730
424842
425026
425059
425087
426954
427675
427735
428074
430039
430160
430655
431049
431069
432577
432824
432880
432903
433630
433631
433992
434004
434064
434200
434668
434690
434750
434818
434902
434906
435010
435020
435058
435096
435162
435256
435445
435634
436099
436271
436359
436585
436659
436841
436859
437035
437964
438213
438310
438585
442023
443629
443708
446686
446713
448766
449020
452255
452728
453372
453392
453499
453645
453901
454066
454464
455224
455491
455763
455799
456003
456139
456473
456495
456561
460023
460062
461180
461914
461986
462422
462598
462630
462664
462712
462792
463004
463052
463062
463993
464256
464258
465974
469125
470840
471075
471382
471483
472093
472098
473848
473952
473979
474313
474599
476189
476469
477358
478192
480109
480110
482358
482809
483043
483069
483603
483680
483837
484701
485023
485070
485807
488156
488157
488218
490011
492633
492859
493765
494636
495618
497094
499991
501378
502626
503652
503825
504659
505449
505803
506475
507361
507506
507699
507976
508381
508787
508794
508797
509604
509651
510717
511425
512662
513531
516086
516608
517531
518301
518867
519761
520064
520133
520733
522590
523952
524014
524271
525812
526218
526351
526858
528248
528259
528286
528521
529805
531182
531203
531319
533185
533395
533444
534174
535151
540040
540345
541111
541212
541872
541989
542597
545282
546083
547181
547284
547408
548791
549903
550263
552152
555099
556757
558510
560188
560498
560926
561553
562267
568626
569296
569460
569806
572462
573740
574563
576084
578788
583515
586895
587663
588272
591758
592055
592828
593227
593282
593664
594599
596137
596284
596930
596994
599189
605204
608875
612079
614051
619131
619685
619733
619757
619814
619822
619882
620913
621160
626506
627122
627248
628482
628683
628818
631529
633592
635671
635677
638223
638554
638723
642701
642703
643480
644990
645010
645177
646561
649789
651779
653367
657141
657165
657396
660358
660448
662338
662596
663790
664063
665673
666319
669612
671657
671755
672276
672804
674262
675404
675414
676549
678442
678615
678779
679867
680319
680358
680362
680479
680490
680564
680594
680613
680664
680688
680701
680726
680836
680852
681076
681097
681098
681136
681158
681269
681279
681300
681309
681361
681403
681431
681514
681625
681721
681827
681841
681861
681902
681951
681961
681965
682046
682199
682408
682481
682509
682519
684683
684930
687325
687502
687792
687794
688039
689898
689929
690133
690968
693402
693494
694157
695222
698648
699003
699457
700380
700449
700478
701634
703095
703145
703240
703325
703595
706767
706803
706859
706879
706887
706890
706896
707002
708125
708911
709115
710978
711766
712965
712981
713029
714322
715724
715775
716443
717116
717307
717621
717964
717972
718348
718369
718749
719239
724062
724101
724409
726366
726457
727185
727582
727585
728792
729059
729413
729520
731138
731335
731782
733678
733852
735883
735899
737496
738519
739178
740935
741534
742935
744506
746406
748067
748390
748406
749349
750091
753663
755027
755211
755267
755333
756497
757522
757819
758045
758521
762165
762167
767302
768920
770049
770059
772804
773084
773504
774892
777002
778197
778273
778508
779151
781134
781490
785459
785460
786457
786704
788423
789736
791250
791599
792253
794460
794855
795811
797691
798004
798398
798414
799859
799980
801165
801166
802335
802393
802587
802589
802615
802655
802740
802933
802941
802967
802970
802987
803001
803028
803092
803129
803133
803134
803163
803165
803181
803257
803261
803266
803267
803274
803281
803286
803329
804050
804245
804308
805325
805356
806738
806958
806993
807011
807059
807088
807100
807117
807120
807253
807256
807303
807334
807399
807425
807631
807632
807638
808800
810623
813505
813829
816395
817381
819846
819896
824652
828341
830285
833358
836806
837452
838917
843938
844017
847141
847145
847151
847202
847218
847245
847270
847929
849030
850629
850911
851657
853003
853043
853105
853815
853843
854398
854440
855767
860103
860118
862469
864991
867811
867820
868613
869451
869532
869553
869570
869576
869676
870131
871595
871672
871694
871701
873525
873809
874049
874875
874940
875797
877830
878358
879623
879909
881492
881498
882659
882756
883022
885465
886156
886224
886854
886855
886864
886871
886901
886927
886936
886986
887001
887006
887050
887117
887199
887234
887310
887353
887359
887379
887385
887395
887401
887413
887488
887522
887571
887604
887607
887615
889783
891736
892629
893235
894477
894486
895844
895945
896062
897306
897308
897876
897898
898555
898557
898562
900283
901119
905062
908429
908974
910347
914025
914114
915345
918919
920878
923986
924042
924118
924341
928919
930010
930013
932906
934292
937748
939349
939750
939961
940551
941248
941379
942531
943529
943753
946707
946979
950112
953084
953343
953414
953419
953428
953537
953555
953560
953595
953616
953700
953768
953857
953869
954028
954113
954145
954188
954230
954253
954265
954332
954336
954375
954399
954435
954446
954448
954978
958854
958858
961120
965615
967759
967872
970142
970163
972097
978153
978675
982658
986470
987493
988211
989041
993929
997043
997083
997787
997918
999029
1000648
1002815
1003115
1003242
1003552
1005354
1008659
1008801
1008848
1008938
1009173
1009217
1009356
1012610
1014168
1016262
1017980
1018795
1019092
1020032
1020329
1020382
1021660
1025217
1027019
1034905
1035116
1037098
1037125
1037171
1037899
1039945
1040008
1040798
1041850
1042238
1042241
1042390
1042669
1042692
1042714
1043822
1045041
1047641
1047725
1053700
1053704
1055289
1056703
1063995
1064014
1069864
1071241
1075854
1076309
1076341
1077716
1078115
1084690
1086977
1090385
1093236
1096412
1096523
1102962
1102993
1103024
1103074
1103148
1104710
1108059
1110259
1111576
1111601
1112037
1112295
1112892
1113631
1113695
1114964
1115414
1115730
1115757
1116258
1116327
1117932
1118975
1120445
1120641
1120860
1120882
1121359
1121367
1121864
1121922
1122843
1123554
1123566
1125753
1126520
1126605
1126614
1126669
1126705
1126946
1127839
1127967
1128190
1129715
1129790
1133534
1136020
1136941
1137849
1137877
1138302
1138336
1140032
1140108
1140126
1140166
1140172
1140505
1148421
1151606
1152254
1155802
1160551
1165978
1166661
1166682
1167433
1168691
1169635
1170058
1172469
1173661
1173776
1174312
1174798
1176962
1177640
1177888
1180730
1180880
1180904
1182602
1183653
1183664
1183894
1183958
1185343
1185356
1185702
1186030
1186456
1187771
1188145
1190204
1190205
1190449
1192045
1193327
1194027
1196773
1199369
1199452
1201571
1202047
1205335
1205610
1206008
1207458
1211458
1211465
1212118
1212423
1213648
1214143
1215040
1215611
1215778
1219672
1219688
1221659
1221902
1222712
1223901
1224120
1224539
1224553
1225243
1226030
1226488
1226668
1226754
1227089
1228001
1228139
1229281
1229400
1231178
1232200
1232236
1233229
1236048
1244425
1245045
1245808
1251247
1251528
1253474
1254482
1256697
1257029
1259290
1262614
1264224
1265550
1266330
1267980
1268815
1273489
1275373
1277194
1279035
1281702
1284221
1285203
1290257
1292245
1293042
1293111
1293141
1293154
1293300
1293302
1294600
1294731
1295073
1296560
1297665
1298432
1300616
1300817
1302625
1302644
1304312
1304526
1304922
1305744
1306415
1306579
1308090
1309297
1309440
1310525
1311663
1311732
1311774
1311871
1313275
1313351
1316489
1318004
1318065
1318655
1318679
1318755
1318776
1319535
1323152
1324306
1324330
1324381
1324447
1324593
1324817
1324825
1325225
1326106
1326192
1327568
1327632
1327650
1328400
1329362
1329500
1329616
1331867
1331873
1332731
1334572
1334773
1336397
1336492
1336523
1337519
1338014
1339162
1342207
1342514
1342906
1343399
1343433
1343809
1343919
1343996
1344027
1344888
1345857
1346136
1346317
1346557
1348061
1348924
1349608
1349965
1351077
1355373
1355609
1355897
1356468
1357253
1357323
1358599
1361342
1362445
1364889
1365379
1365820
1365862
1366418
1368399
1369193
1370445
1384222
1386984
1391233
1391835
1392096
1392354
1393797
1395397
1395498
1395973
1396362
1396366
1398555
1400040
1400515
1400946
1401028
1401042
1403177
1403289
1404452
1405579
1408616
1409550
1415027
1419236
1419261
1419743
1419970
1419996
1421289
1421961
1421977
1422124
1422636
1423935
1424243
1424448
1424759
1429458
1430133
1434573
1434673
1434965
1435448
1435586
1435843
1435862
1435911
1437931
1438142
1438950
1440187
1440577
1440643
1441680
1442131
1442198
1442227
1442228
1444757
1445777
1446280
1446592
1446638
1447838
1447897
1447905
1448423
1449389
1449772
1450047
1450190
1451591
1451632
1451932
1452993
1454140
1455039
1456142
1456809
1456810
1457253
1457472
1460411
1460495
1461788
1462066
1463941
1464828
1465945
1466920
1468129
1471672
1472315
1472549
1472940
1474156
1474243
1477047
1477050
1477320
1477436
1480778
1481683
1482475
1482485
1482671
1484346
1485691
1485989
1487362
1487370
1487419
1487441
1487459
1487853
1487874
1488537
1489159
1489435
1490491
1490730
1491597
1492178
1493434
1495276
1495460
1495773
1495857
1497035
1497664
1497738
1497965
1498578
1499135
1499256
1499329
1499414
1499903
1500104
1500427
1502316
1502719
1503007
1504595
1505493
1505498
1506157
1506274
1507246
1508611
1513351
1514128
1517571
1517854
1520624
1521337
1521382
1521961
1521994
1522194
1523429
1523889
1524718
1525655
1526474
1527811
1527877
1527896
1528238
1528349
1528836
1529444
1529533
1529760
1529843
1530089
1530102
1530908
1530917
1530996
1531056
1531151
1531552
1532025
1532177
1532297
1533169
1534789
1535894
1536218
1536368
1536399
1539712
1540783
1542255
1543529
1544417
1544429
1545454
1548134
1548521
1549288
1549674
1549835
1549846
1549848
1550036
1553058
1553086
1553501
1553919
1556175
1556481
1556843
1557001
1557252
1559530
1559811
1560647
1562596
1563274
1564661
1565748
1566383
1568763
1570112
1570541
1570645
1570749
1570765
1572797
1572833
1572942
1572959
1574914
1575326
1577181
1577323
1577396
1577408
1577656
1577765
1580098
1582090
1585506
1586542
1589849
1592676
1594110
1594112
1595304
1598347
1600574
1602232
1603124
1610858
1611221
1612565
1616520
1616635
1617608
1619751
1623292
1624600
1624925
1626138
1629109
1629196
1629929
1631861
1632051
1632235
1635330
1635364
1635554
1635903
1636130
1636274
1637339
1639909
1640042
1640171
1640955
1640983
1641542
1644796
1647538
1647912
1647923
1647925
1647945
1647953
1650103
1650597
1650679
1650747
1651523
1652212
1652256
1654002
1654309
1654340
1654499
1655174
1655788
1655842
1656194
1656438
1656441
1657658
1657749
1660693
1660716
1661197
1661610
1663853
1663858
1665053
1665086
1665259
1665361
1666067
1666081
1666828
1667912
1668549
1669190
1671935
1673339
1673343
1674543
1676654
1680588
1680788
1681878
1682263
1685282
1685898
1686409
1687043
1688755
1688781
1690468
1690560
1690601
1695411
1695562
1699190
1699321
1699480
1700485
1701542
1702726
1702818
1703302
1707228
1707297
1709134
1710424
1710463
1713903
1713921
1719084
1721092
1723100
1723395
1723726
1723942
1723943
1724584
1725452
1728098
1728320
1728407
1737139
1737219
1737220
1737355
1737357
1737436
1737634
1739002
1739085
1739117
1739383
1739677
1740188
1740250
1740372
1740378
1740483
1740543
1740666
1740871
1740898
1741271
1741944
1742161
1742361
1742412
1742435
1742672
1743480
1744330
1744683
1744695
1745364
1745742
1747301
1748925
1749476
1751330
1751602
1751891
1751975
1754517
1754519
1757060
1760881
1761161
1761374
1761397
1762010
1762227
1762429
1762498
1762511
1764764
1765142
1766601
1766605
1766704
1767970
1767971
1768146
1768901
1768924
1768926
1769285
1769463
1769838
1769903
1771186
1771316
1772171
1772519
1773733
1777562
1778067
1779262
1779354
1779932
1780606
1781242
1782446
1782667
1782863
1783252
1785687
1792466
1793777
1796718
1796777
1797663
1797691
1798807
1799056
1799674
1801649
1801652
1801814
1802101
1803861
1804012
1804115
1804404
1808172
1809160
1809400
1810762
1811927
1813127
1813456
1814649
1815572
1815636
1816102
1816110
1816592
1817045
1817167
1817318
1818451
1819680
1820201
1820204
1820608
1820665
1820925
1821507
1821573
1822844
1823327
1826064
1826163
1826242
1826358
1826752
1827201
1827270
1828387
1828543
1828615
1829753
1830596
1830603
1830626
1838195
1838287
1838330
1838384
1839444
1840391
1840439
1841203
1841682
1841689
1841712
1841759
1845488
1845806
1847778
1847794
1847803
1847808
1847823
1847836
1849388
1849556
1850249
1850253
1851472
1852185
1852274
1853731
1853747
1855055
1856594
1857547
1860546
1860598
1864506
1866369
1866486
1866535
1869474
1869549
1870415
1870534
1870974
1871547
1871816
1874073
1875944
1875983
1876646
1877019
1877076
1877163
1879054
1879731
1879779
1879928
1881807
1882518
1884864
1885739
1885951
1886228
1886772
1887039
1887078
1887182
1887284
1887404
1887550
1887694
1887915
1887918
1887964
1890543
1890998
1891144
1891189
1891192
1891407
1892198
1894184
1894381
1894568
1894752
1897748
1898205
1898281
1898327
1898443
1901722
1901821
1902361
1904590
1904607
1905797
1905911
1908368
1908959
1911926
1911947
1911952
1912212
1912247
1920700
1931912
1931996
1933291
1934660
1935039
1935066
1936122
1936124
1936361
1936385
1936537
1937695
1938880
1939132
1939375
1943901
1943903
1944039
1944043
1944108
1944873
1948392
1950164
1950737
1951395
1951436
1951549
1951619
1951659
1951666
1951671
1951681
1951709
1951831
1951982
1953397
1954795
1954810
1954820
1954972
1955125
1956006
1960206
1961262
1961320
1961331
1961384
1961431
1961441
1963061
1963192
1966573
1970174
1970197
1970222
1972219
1974794
1975660
1975700
1975712
1975718
1975737
1977241
1977575
1977685
1977716
1977720
1979625
1979693
1981499
1983740
1983977
1984692
1985515
1987382
1987940
1988429
1989692
1989699
1989791
1991811
1991873
1992947
1994372
1996875
2000984
2001892
2002709
2004467
2004984
2005041
2006430
2006431
2006444
2006479
2006602
2006674
2007225
2007304
2007305
2007372
2007420
2007513
2007797
2008188
2009251
2009263
2010137
2011280
2011333
2011407
2011436
2011459
2011509
2011570
2011757
2011891
2011897
2011913
2011951
2012125
2012135
2012173
2012544
2012683
2013527
2013629
2013928
2014263
2014279
2014288
2014645
2014658
2015149
2018766
2018775
2018880
2020093
2020907
2025953
2026372
2026550
2026573
2028360
2028611
2028686
2030132
2031333
2031535
2031539
2031949
2032666
2033133
2033576
2033739
2033867
2033925
2033977
2034043
2034071
2038131
2039945
2040106
2041440
2042619
2042622
2042671
2042706
2042756
2043968
2044196
2044701
2044784
2044910
2045357
2045764
2045876
2046682
2046709
2046717
2047130
2047559
2047598
2047604
2047605
2047653
2047766
2047859
2049919
2052930
2053754
2055642
2056414
2056944
2057053
2057537
2057612
2057710
2057790
2057847
2057874
2060023
2060062
2060106
2060364
2060647
2060833
2060835
2062951
2062954
2063338
2064172
2064610
2064674
2064683
2064874
2065198
2068076
2069378
2069832
2073214
2074254
2074273
2075156
2077319
2077737
2079801
2079847
2081913
2082735
2082877
2090870
2091111
2091124
2091137
2091180
2091207
2092160
2092548
2093046
2093289
2094437
2094814
2094824
2094834
2095460
2095588
2097211
2097282
2098612
2099530
2100019
2100111
2104912
2110631
2111686
2117569
2119596
2119598
2122118
2122878
2123637
2124012
2126230
2126235
2128164
2131392
2131438
2134489
2134767
2136093
2137235
2141970
2142177
2143004
2143081
2143516
2144532
2144604
2145008
2145738
2145846
2146011
2146564
2149287
2150543
2150723
2152741
2155215
2156316
2157094
2158755
2160128
2160877
2163122
2163164
2163205
2167364
2167936
2168732
2168970
2169630
2170697
2172256
2173738
2173919
2174885
2175005
2175944
2177669
2179008
2182403
2182441
2184557
2186452
2186522
2187667
2190458
2192188
2192213
2192550
2193081
2194190
2194755
2195639
2195687
2196466
2197978
2198540
2198601
2199347
2199460
2199752
2202428
2205963
2207210
2208494
2213907
2214028
2214092
2214337
2215822
2216741
2217110
2217178
2219232
2220313
2220701
2221144
2222099
2222621
2223741
2223753
2223784
2228228
2229681
2230416
2230430
2232536
2233751
2234138
2234203
2236640
2240455
2242700
2243040
2243078
2243091
2243095
2243096
2243110
2243131
2243135
2243136
2243155
2243278
2243285
2243317
2243324
2243333
2243343
2243353
2243356
2243530
2243533
2243545
2243662
2243702
2243720
2243723
2243728
2244898
2245014
2245175
2245204
2245548
2245635
2245699
2245705
2245708
2245742
2245765
2245866
2245878
2245891
2245896
2245935
2245936
2245956
2245967
2245977
2246017
2246043
2247090
2247164
2247185
2247409
2247447
2247479
2247554
2247565
2247647
2247658
2247767
2247787
2247791
2247866
2247973
2247979
2247985
2247990
2248014
2248024
2248099
2248106
2248128
2248147
2248238
2248294
2248305
2248368
2248392
2248418
2248677
2248963
2248965
2248976
2249114
2249123
2249128
2249480
2249565
2249593
2249607
2249621
2249633
2249635
2249656
2249713
2249732
2249780
2249793
2249798
2249805
2249809
2249848
2249954
2250009
2250076
2250130
2250919
2251006
2251080
2251225
2251257
2251306
2251322
2252685
2252934
2253205
2253257
2253317
2253363
2253454
2253644
2253705
2253769
2253772
2254233
2254400
2254433
2254582
2254610
2254714
2254715
2254719
2254758
2254860
2254869
2254883
2254917
2255665
2256128
2256888
2256902
2258130
2258186
2258224
2258313
2258337
2258435
2258545
2258677
2258862
2258920
2258924
2259014
2259108
2259231
2259487
2259573
2260320
2260456
2261077
2263343
2263366
2263525
2264304
2264322
2264398
2264410
2265905
2266027
2266175
2266211
2266301
2266367
2266473
2267008
2267018
2267088
2267156
2267174
2267272
2267469
2267527
2267575
2267607
2267673
2267787
2267853
2267883
2268054
2268066
2268602
2268604
2268608
2268696
2268716
2268720
2268760
2268992
2269342
2269350
2269431
2269589
2270343
2270355
2270477
2270516
2271352
2271404
2271694
2271713
2271751
2271823
2271848
2271884
2271933
2271979
2272024
2273923
2274141
2275213
2275646
2275722
2275856
2275922
2275958
2275973
2276025
2276054
2276064
2276141
2276143
2276159
2276260
2276318
2276501
2276874
2276889
2276911
2276920
2278281
2278286
2278618
2278856
2280314
2280360
2280863
2280869
2280879
2280881
2281828
2282056
2282145
2282392
2282433
2282509
2282917
2283763
2284306
2286354
2287812
2288955
2290028
2290146
2290269
2290296
2290334
2291196
2291610
2291863
2291868
2291878
2291880
2292336
2292437
2292655
2293301
2293479
2297281
2298184
2298700
2299724
2300215
2300225
2300680
2301223
2301418
2301959
2301980
2302407
2303593
2303606
2303609
2303622
2303636
2304738
2304799
2304821
2307596
2308056
2308065
2308107
2308108
2308150
2308225
2308226
2309279
2309372
2309996
2313104
2314719
2314841
2314940
2315010
2315266
2315267
2315283
2317499
2317546
2318300
2318325
2318367
2319822
2320099
2320159
2321158
2321255
2322732
2322764
2323079
2323141
2323157
2323396
2325791
2325994
2325995
2326200
2326210
2327211
2327569
2329333
2329587
2330031
2331568
2331666
2331749
2331844
2333022
2334083
2334084
2334144
2335086
2335166
2335884
2335894
2340235
2340888
2342387
2342508
2346041
2346074
2347055
2347471
2347852
2349387
2352709
2354289
2354963
2358311
2358580
2358656
2358675
2358698
2358733
2358805
2358832
2358878
2358884
2358891
2358945
2358983
2358988
2358989
2358995
2358997
2359009
2359026
2359082
2359124
2359206
2359244
2359279
2359344
2359357
2359361
2359407
2359563
2359566
2359576
2359602
2359637
2359663
2359680
2359690
2359738
2359773
2359851
2359854
2359876
2359974
2359999
2360170
2360216
2360238
2360250
2360257
2360326
2360329
2360419
2360544
2360603
2360620
2360660
2360683
2360722
2360727
2360754
2361065
2361076
2361129
2361161
2361198
2361358
2361421
2361455
2361456
2361603
2361674
2361718
2361819
2361827
2361868
2362150
2362189
2362213
2362223
2362243
2366566
2366902
2366933
2367588
2367605
2368816
2372776
2372801
2372804
2373997
2374098
2374688
2374708
2374784
2374805
2375908
2376060
2376083
2376094
2376109
2376142
2376156
2376263
2376276
2376323
2376332
2376338
2376437
2376505
2377477
2377481
2377609
2377615
2377653
2380098
2380189
2380214
2380216
2380249
2380381
2380458
2381337
2382904
2387088
2387107
2387253
2387287
2387296
2387435
2387438
2387467
2387480
2387484
2387516
2387589
2387713
2387715
2387731
2387744
2388064
2388082
2388194
2388214
2388863
2389519
2389540
2389576
2389577
2389578
2389587
2389880
2389903
2389918
2390750
2390821
2390840
2390856
2390868
2390882
2391519
2392561
2396097
2396113
2396225
2397319
2399176
2404149
2405839
2405877
2406240
2406320
2406324
2406327
2406362
2406392
2406503
2406518
2406546
2406577
2406811
2407770
2407772
2408163
2408186
2408214
2409752
2415175
2419466
2420262
2420489
2422608
2422988
2426139
2427038
2427933
2429873
2431237
2433636
2434817
2436195
2438234
2438326
2439040
2439725
2439737
2440428
2440964
2448594
2451126
2451149
2451281
2451319
2451334
2451337
2451508
2451530
2451573
2451686
2451868
2451933
2452096
2453024
2453744
2454048
2457453
2459491
2460779
2461404
2462195
2463569
2464839
2469061
2469861
2470280
2470513
2470547
2473277
2475800
2476299
2476310
2476340
2476511
2476554
2476758
2476773
2478791
2481262
2482051
2482663
2483176
2483471
2483474
2483554
2485255
2485736
2485841
2486684
2486695
2486807
2487951
2489074
2489132
2489146
2489148
2490459
2490708
2490760
2490806
2491751
2491771
2491779
2491831
2491837
2492232
2492433
2494012
2494056
2496951
2498765
2502507
2505886
2505939
2507619
2510740
2510761
2510815
2512113
2512848
2515220
2515313
2517250
2519929
2520493
2520537
2522539
2526258
2528462
2528468
2528472
2533414
2535384
2535992
2537393
2537557
2537582
2537888
2538106
2538227
2538231
2538565
2538577
2538716
2538720
2538911
2539001
2539028
2539147
2539234
2539255
2539490
2539521
2539727
2539746
2539838
2540098
2540183
2540334
2540511
2540532
2540535
2540606
2540629
2540847
2540931
2540955
2541068
2541077
2541085
2541113
2541275
2541288
2541314
2541341
2541380
2541408
2541498
2541561
2541799
2541812
2541822
2541883
2541896
2541899
2541933
2541980
2542291
2542394
2542517
2542535
2542544
2542568
2542616
2542667
2542878
2542958
2543113
2543238
2543516
2543524
2543576
2543620
2543743
2543896
2544031
2544086
2544135
2544151
2544157
2544242
2544251
2544365
2544425
2544442
2544682
2544685
2544742
2544788
2544880
2544886
2544925
2545007
2545066
2545262
2545314
2545363
2545422
2545479
2545484
2545496
2545504
2545686
2545920
2546160
2546539
2546549
2546628
2546700
2546747
2546748
2547049
2547098
2547193
2547358
2547366
2547632
2547636
2547641
2547644
2547649
2547662
2547674
2547696
2547737
2547753
2547776
2547783
2547786
2547808
2547870
2547901
2547921
2548215
2548336
2548361
2548403
2548624
2548680
2548688
2548737
2548830
2548832
2548843
2549110
2549479
2549506
2549722
2550054
2550100
2551587
2554166
2556524
2556526
2561173
2561395
2561563
2561607
2562064
2564688
2566001
2566050
2567874
2568757
2568776
2569046
2569152
2569585
2570448
2570509
2573630
2573794
2574460
2575345
2575682
2576367
2580705
2580840
2582541
2582733
2583340
2585425
2585545
2587012
2587728
2587871
2591195
2591600
2592603
2594350
2595422
2595652
2595798
2596304
2600021
2600115
2600147
2600700
2601392
2605085
2609432
2609478
2609519
2610422
2611685
2611729
2611759
2611970
2611975
2612595
2612613
2614595
2615578
2617271
2619687
2620286
2623557
2623612
2626859
2631482
2632070
2632098
2635011
2635485
2635971
2635993
2638346
2638667
2639595
2639879
2640243
2640303
2641164
2641194
2641776
2642458
2642480
2642781
2643106
2643703
2643719
2644232
2644497
2644521
2644662
2644700
2645006
2645061
2645446
2645644
2645988
2646029
2646596
2647066
2647125
2647276
2647279
2647581
2647599
2647655
2647678
2647679
2647686
2648016
2648035
2648144
2648428
2648429
2648488
2648514
2648817
2648818
2648821
2648832
2649114
2649664
2649700
2650032
2650120
2650904
2652927
2654667
2655081
2655217
2655275
2656621
2656886
2658146
2658395
2659648
2662234
2662410
2662499
2662572
2662632
2662742
2662859
2662862
2662941
2663022
2663111
2663113
2663228
2663362
2663390
2663434
2663454
2663518
2663528
2663658
2664060
2664739
2664921
2664946
2665302
2665465
2667358
2669452
2673581
2673850
2674160
2674383
2674411
2674415
2674416
2675753
2676191
2677071
2680039
2684325
2684505
2684613
2684795
2685955
2686431
2686458
2687217
2690513
2692834
2695606
2696594
2696633
2697823
2697978
2698919
2699448
2700598
2700630
2700755
2700784
2700834
2701690
2702933
2703105
2703246
2703249
2703399
2704123
2705273
2705436
2705453
2705618
2707116
2707218
2708411
2711695
2711937
2713161
2713226
2713362
2713480
2713637
2713681
2714025
2714934
2715246
2715898
2716246
2717114
2717971
2719376
2719471
2719782
2720184
2720593
2720686
2721198
2721347
2721610
2721761
2722139
2722258
2724179
2727019
2727891
2728211
2728504
2728832
2729725
2729855
2729944
2730053
2730108
2730534
2730751
2731050
2731582
2732051
2732064
2732323
2732357
2732954
2735152
2735234
2735455
2736630
2737818
2738819
2739116
2740548
2741778
2741782
2743611
2744027
2745208
2745396
2745830
2745850
2746456
2747432
2747628
2747666
2749595
2750470
2751808
2751845
2752881
2753233
2753627
2754441
2754469
2754851
2754878
2755127
2755642
2755916
2756493
2757068
2758175
2759167
2759914
2760255
2760311
2760905
2761522
2761666
2761828
2761915
2764343
2764766
2764830
2765441
2767500
2767582
2767992
2768966
2769022
2769681
2770028
2770647
2770712
2771513
2771646
2772466
2774016
2774654
2774796
2776259
2778193
2780639
2780810
2784280
2784456
2784560
2784563
2784965
2785044
2789921
2790173
2790456
2790762
2790767
2790936
2792553
2792708
2793158
2794457
2795276
2796872
2796884
2796922
2798699
2798730
2799042
2801161
2805165
2805560
2807190
2807722
2807822
2811556
2814573
2815084
2816622
2818678
2819187
2821980
2822882
2823516
2825491
2826254
2826363
2826619
2828348
2829174
2829727
2833243
2833462
2833589
2833853
2834016
2834393
2834394
2834412
2834988
2835561
2835779
2835896
2836181
2837207
2837951
2839177
2839881
2839906
2839954
2840141
2841467
2843402
2844538
2844951
2847488
2847926
2852070
2852214
2852658
2854100
2855226
2855395
2856310
2857948
2858587
2858851
2858917
2860267
2861116
2861635
2861736
2862778
2862801
2863332
2863394
2863777
2865288
2865319
2866939
2867044
2867146
2867211
2867329
2868033
2868306
2868343
2868398
2869157
2869390
2869403
2869908
2870181
2870197
2870360
2870415
2870945
2871194
2871460
2871474
2871519
2871611
2872126
2872165
2872216
2872911
2873094
2873132
2873141
2873188
2873416
2873431
2873609
2873621
2873840
2875439
2875500
2877139
2877586
2878226
2879007
2879027
2879067
2879085
2879534
2879921
2880093
2880252
2880373
2880672
2880905
2881036
2882153
2882463
2883586
2886621
2886844
2887376
2888884
2889395
2890118
2890120
2890408
2890554
2891176
2891200
2891221
2891251
2891392
2891471
2891537
2891620
2891772
2891817
2891820
2892006
2892075
2892078
2892166
2892258
2892274
2900188
2900652
2900802
2903590
2903765
2904411
2908260
2908368
2908464
2908684
2910984
2911695
2912163
2912202
2912491
2912564
2912821
2915039
2915163
2915315
2915484
2915530
2917326
2920711
2921257
2921329
2923671
2925419
2929267
2930578
2930725
2932146
2934904
2939924
2941442
2941444
2942508
2943296
2944165
2944234
2944296
2944375
2947555
2948338
2949239
2949960
2951485
2951608
2952067
2952116
2952303
2952334
2952344
2952578
2952592
2952597
2952609
2952669
2952712
2952872
2952921
2953090
2953144
2953146
2953221
2953231
2953312
2953873
2959059
2959235
2959393
2959501
2960853
2964142
2965708
2966115
2966118
2967807
2968701
2968975
2969040
2969577
2971712
2973732
2975041
2975599
2975986
2977964
2978037
2978060
2979985
2981636
2981999
2983689
2983856
2984146
2985441
2985573
2985639
2986698
2986824
2987856
2988444
2994163
2994699
2995220
2995377
2996275
2996867
2997110
2997147
3000225
3000821
3001048
3001582
3001836
3002098
3002532
3004698
3008205
3008800
3010099
3018246
3018965
3022333
3022446
3022458
3022490
3022496
3022528
3022619
3024051
3024939
3028447
3031068
3031997
3035145
3035312
3035575
3035949
3037424
3037518
3038581
3039982
3040292
3044412
3045743
3045815
3046210
3048003
3049716
3052979
3053293
3054162
3058319
3058762
3060570
3060662
3060840
3060844
3061203
3062184
3066050
3066967
3067071
3070064
3070179
3070192
3071243
3071540
3071696
3071834
3073631
3073727
3075694
3076628
3077804
3077841
3077895
3081456
3084548
3085138
3085591
3085666
3087297
3087527
3089305
3089470
3089548
3092047
3093805
3096030
3096152
3099010
3102827
3104220
3104227
3104241
3104510
3109464
3111520
3113741
3114000
3114123
3114910
3115386
3115401
3115670
3115710
3116138
3120892
3121774
3121863
3122579
3122936
3123545
3123949
3124157
3126159
3126181
3127929
3128009
3129168
3129219
3129308
3129348
3129461
3129469
3129525
3129729
3129831
3129834
3129854
3129870
3129890
3129911
3129929
3129956
3129962
3129971
3130097
3130426
3130436
3130442
3131006
3131093
3131470
3131488
3131500
3131504
3131525
3131748
3132884
3132914
3132937
3133062
3133148
3133187
3133592
3133611
3134014
3134453
3134516
3135308
3135320
3135697
3135815
3135857
3138583
3138584
3139947
3140654
3142536
3142706
3142736
3142757
3142854
3142861
3142874
3142879
3142889
3145313
3147967
3149049
3150696
3150705
3150748
3150756
3150805
3150900
3151306
3151332
3151358
3151456
3151514
3151522
3151543
3151550
3151597
3151610
3151626
3152543
3153225
3153306
3153310
3154051
3154097
3154676
3154802
3154835
3162033
3162191
3163002
3163011
3165755
3166224
3168130
3168136
3168146
3168190
3168408
3168560
3170741
3171850
3172425
3174262
3174418
3177217
3177946
3177947
3177969
3177992
3178551
3181235
3181520
3181958
3183271
3183422
3184873
3184895
3184913
3185272
3185369
3185446
3185598
3186449
3191829
3192855
3195515
3196438
3199042
3199050
3199062
3199892
3200110
3200614
3200630
3200737
3200774
3201221
3201299
3201848
3202097
3202286
3204397
3204510
3204643
3204772
3204861
3205237
3208119
3208135
3209651
3209653
3210440
3210967
3212755
3213099
3214233
3218076
3219289
3219290
3221421
3226249
3226655
3230070
3231247
3232092
3232227
3232346
3232767
3236037
3238349
3238918
3238944
3239849
3241317
3241471
3241606
3241673
3241691
3241825
3245576
3246119
3249222
3250657
3250971
3251027
3251727
3254998
3255839
3255899
3257506
3257945
3257949
3258804
3258861
3258902
3258938
3258962
3259281
3259283
3259370
3259404
3259451
3259543
3259565
3259796
3259818
3260063
3260071
3260077
3260099
3260285
3260382
3264671
3264726
3264748
3264787
3267706
3267767
3267866
3270895
3271093
3271477
3271715
3271810
3271986
3272140
3272150
3272253
3272306
3272314
3272587
3272591
3272612
3272668
3272714
3273424
3273640
3273793
3276058
3277226
3277271
3277950
3279445
3281079
3281665
3283846
3285313
3286945
3287082
3287103
3287130
3287131
3287168
3287184
3287186
3287214
3287378
3288681
3289235
3297639
3298603
3299578
3299621
3299735
3300531
3301999
3302680
3302844
3303946
3304609
3305308
3305858
3307236
3307559
3308389
3312520
3314136
3314983
3315007
3315166
3315204
3315205
3315257
3315258
3316840
3317414
3318835
3318904
3324352
3325659
3326586
3327410
3327504
3327518
3327842
3328141
3329370
3329650
3329700
3329745
3329935
3329976
3330134
3330305
3330431
3330451
3330459
3330574
3333302
3333909
3333964
3336107
3337363
3341536
3341720
3343855
3350167
3352668
3359734
3359915
3359940
3359953
3361913
3361976
3362457
3364493
3365035
3365394
3366434
3368726
3371929
3372029
3372051
3372935
3374156
3374176
3374748
3374751
3374772
3374779
3377142
3378094
3378262
3378915
3380289
3382034
3382057
3382719
3382886
3382897
3383930
3384923
3386009
3386080
3386886
3386904
3387145
3387169
3387486
3389038
3389744
3390658
3391256
3392697
3392992
3393152
3393215
3393293
3393306
3393879
3394084
3395524
3395550
3396442
3396873
3399060
3399617
3399644
3402544
3403328
3405633
3408651
3408783
3408828
3408830
3410745
3411158
3411586
3412989
3413027
3413084
3413157
3413175
3413206
3413281
3413299
3413300
3415175
3415214
3415229
3415317
3415436
3415458
3416366
3417618
3419611
3419861
3422230
3422305
3422349
3422496
3422754
3423245
3423500
3424133
3424425
3425394
3425611
3425686
3426167
3428331
3428351
3428441
3428626
3429619
3430544
3430699
3431227
3433846
3434022
3434392
3436403
3436584
3436635
3436660
3439423
3439507
3439651
3440331
3440774
3444539
3444555
3446602
3449077
3451314
3452122
3454332
3454513
3455107
3456659
3456918
3459905
3460335
3460658
3461456
3461472
3462172
3464317
3467352
3467381
3467907
3467913
3470561
3472425
3473308
3473492
3475345
3476772
3481528
3483489
3486225
3486411
3489697
3492674
3494849
3496237
3496329
3496595
3497016
3498162
3501311
3501610
3511241
3511285
3513457
3513525
3516197
3521219
3523622
3523625
3524865
3525116
3527197
3528518
3531648
3531790
3531923
3531984
3532841
3533875
3534048
3536363
3536390
3538858
3539471
3542521
3542750
3544462
3551507
3552666
3552670
3553090
3553352
3554422
3554817
3559962
3561019
3562510
3563696
3564971
3565077
3565826
3566698
3570371
3570979
3571935
3573700
3573728
3574367
3575070
3575428
3581876
3582412
3590844
3590852
3590994
3591092
3591185
3591670
3591701
3591747
3591779
3592607
3592619
3593449
3593981
3594012
3594042
3594049
3594320
3594706
3594713
3595886
3596780
3597385
3598151
3600790
3603990
3608057
3615016
3616276
3616343
3618600
3618644
3618796
3618903
3618997
3619066
3619119
3619298
3619326
3619335
3619399
3619401
3619522
3619523
3619684
3619839
3619945
3620033
3620118
3620161
3620380
3621820
3625662
3626608
3626615
3627610
3631162
3633564
3634123
3634208
3635903
3635904
3635924
3636025
3636121
3636213
3636257
3636294
3636324
3636462
3636511
3636547
3636731
3642578
3644077
3644872
3646385
3647089
3647268
3647775
3647824
3649318
3650556
3652401
3652773
3652903
3653700
3655976
3657346
3657412
3657920
3658233
3658331
3658521
3668458
3674806
3674933
3675788
3675896
3677321
3678165
3680240
3680891
3680892
3682795
3683865
3684481
3684772
3685299
3686612
3688256
3688280
3688295
3688526
3688573
3689365
3690799
3696783
3698197
3700522
3704955
3707664
3707714
3707740
3708008
3712716
3712974
3715844
3715854
3717656
3717685
3718135
3719549
3721286
3721303
3721381
3721552
3721684
3721747
3721792
3721837
3721842
3721906
3721935
3721979
3722223
3722526
3722652
3723069
3723077
3723202
3723212
3723324
3723362
3723603
3723891
3723904
3723907
3724138
3724167
3724170
3724352
3724478
3724730
3724743
3724764
3724804
3724830
3725470
3725559
3725627
3725750
3726029
3726181
3726192
3726222
3726225
3726246
3726321
3726453
3726460
3726625
3726642
3726676
3726680
3726682
3726689
3726701
3726739
3726782
3726972
3727054
3727064
3727080
3727100
3727107
3727112
3727181
3727258
3727375
3727403
3727596
3727756
3727869
3727908
3727927
3727959
3728010
3728014
3728045
3728205
3728233
3728332
3728460
3728481
3728498
3728526
3728610
3728709
3729187
3729266
3729322
3729443
3729627
3729634
3729709
3729836
3730200
3730240
3730379
3730474
3730583
3730762
3731277
3731427
3731504
3731702
3731800
3731843
3731859
3731871
3731896
3731910
3731916
3732049
3732145
3732152
3732186
3732425
3732469
3732472
3732520
3732622
3732809
3732954
3733020
3733199
3733214
3733219
3733235
3733259
3733334
3733392
3733418
3733503
3733576
3733904
3734107
3734156
3734229
3734521
3734734
3734736
3734775
3734797
3734818
3734828
3734888
3735014
3735194
3735246
3735251
3735546
3735576
3735612
3735631
3735696
3735700
3735753
3736318
3736646
3736695
3736799
3736830
3736994
3737092
3737201
3737212
3737249
3737346
3737602
3737636
3737747
3737863
3738076
3738212
3738500
3738657
3738658
3740109
3740317
3740652
3743679
3745966
3752945
3754635
3756455
3756600
3757194
3757217
3757277
3757791
3758676
3758848
3759422
3763395
3765199
3765659
3766007
3766063
3768015
3772664
3773280
3773901
3777715
3777718
3777928
3777939
3779312
3779373
3780329
3785286
3789149
3791362
3806757
3813702
3817968
3818447
3818698
3818759
3818839
3818843
3819627
3819630
3819804
3819865
3819909
3819926
3819954
3819976
3820019
3820047
3820248
3820348
3820488
3820523
3820754
3820853
3820946
3820987
3821029
3821112
3821349
3821469
3821520
3821541
3821632
3821642
3821680
3821712
3821720
3822015
3822059
3822073
3822373
3822622
3822672
3822675
3822683
3822685
3822701
3822713
3822970
3823040
3823089
3823392
3823412
3823538
3823614
3823633
3823698
3823747
3823756
3823768
3823792
3823922
3823977
3824052
3824080
3824181
3824207
3824331
3824481
3824499
3824594
3824656
3824841
3824886
3824948
3824972
3825070
3825219
3825257
3825299
3825314
3825418
3825453
3825456
3825469
3825493
3825575
3825634
3825683
3825836
3825846
3825848
3825870
3825914
3826195
3826253
3826298
3826348
3826414
3826508
3826701
3826799
3826818
3826837
3826904
3839556
3839942
3839943
3839956
3840003
3848578
3852973
3856897
3856906
3859152
3866946
3867531
3870279
3872742
3873871
3874522
3875882
3877483
3877552
3877915
3881993
3882901
3884475
3886616
3890578
3891846
3893116
3895086
3896517
3896709
3896741
3899434
3901459
3901802
3902911
3903007
3903158
3903184
3903190
3903336
3903377
3903379
3903384
3903454
3903644
3903669
3903751
3903967
3904037
3904164
3904237
3904244
3904291
3904309
3904311
3904325
3904527
3904534
3904541
3904556
3904558
3904565
3904593
3904619
3904622
3904635
3904658
3904737
3904769
3904780
3904810
3904818
3905198
3905269
3905323
3905325
3905347
3905401
3905443
3905464
3905488
3905499
3905503
3905508
3905515
3905524
3905564
3905591
3905689
3905799
3905822
3905835
3905852
3905885
3905922
3905973
3906271
3906284
3906380
3906468
3906582
3906600
3906601
3906623
3906659
3906660
3906695
3906697
3906722
3906765
3906777
3906817
3906842
3906886
3906912
3906934
3906995
3906998
3907054
3907151
3907299
3907332
3907360
3907363
3907364
3907381
3907409
3907423
3907447
3907449
3907539
3907565
3907590
3907636
3907652
3907665
3907667
3907676
3907753
3907895
3907902
3907929
3907978
3908083
3908111
3908114
3908135
3908138
3908171
3908383
3908447
3908511
3908513
3908554
3908559
3908618
3908636
3908675
3908685
3908758
3908759
3908803
3908841
3908866
3908891
3908906
3908951
3909098
3909153
3909178
3909236
3909244
3909278
3909371
3909455
3909515
3909616
3909649
3909712
3909740
3909774
3909831
3910011
3910076
3910202
3910280
3910300
3910329
3910359
3910385
3910417
3910418
3910569
3910583
3910591
3910617
3910622
3910658
3910683
3910696
3910749
3910842
3910943
3911005
3911077
3911101
3911127
3911240
3911283
3911292
3911323
3911345
3911359
3911383
3911410
3911439
3911444
3911550
3911558
3911692
3911745
3911768
3911786
3911805
3911830
3911836
3911837
3911863
3911890
3911894
3912031
3912120
3912124
3912156
3912177
3912278
3912338
3912358
3912376
3912379
3912408
3912410
3912481
3912484
3912486
3912487
3912557
3912608
3912625
3912667
3912710
3912737
3912751
3912773
3912866
3912900
3912916
3912938
3912947
3912958
3913005
3913085
3913092
3913155
3913205
3913400
3913406
3913418
3913544
3913567
3913669
3913722
3913725
3913760
3913798
3913799
3913902
3913945
3913974
3913976
3914043
3914053
3914157
3914176
3914260
3914262
3914279
3914308
3914356
3914419
3914466
3914485
3914508
3914741
3914911
3915010
3915218
3915389
3915396
3915493
3915500
3915518
3915539
3915543
3915546
3915597
3915671
3915749
3915833
3915834
3915851
3915894
3915908
3915997
3916008
3916090
3916095
3916102
3916116
3916120
3916207
3916279
3916296
3916302
3916359
3916365
3916437
3916493
3916608
3916673
3916784
3916785
3916870
3916914
3916972
3917131
3917134
3917179
3917196
3917205
3917246
3917267
3917295
3917308
3917390
3917396
3917405
3917431
3917525
3917563
3917575
3917592
3917604
3917620
3917637
3917759
3917795
3917796
3917844
3917861
3918055
3918184
3918206
3918452
3918453
3918549
3918561
3918903
3918957
3919129
3919132
3919286
3919292
3919302
3919428
3919459
3919466
3919545
3919573
3919640
3919696
3919714
3919757
3919767
3919784
3919837
3919842
3919916
3919928
3919948
3920018
3920094
3920167
3920218
3920315
3920330
3920362
3920395
3920407
3920537
3920564
3920598
3920814
3920829
3920917
3920969
3921057
3921553
3922137
3922228
3922425
3924523
3931893
3931908
3934321
3938853
3939196
3940433
3941130
3943503
3943570
3943736
3943923
3951025
3957847
3958769
3962669
3968257
3969369
3970797
3970806
3970880
3973701
3975014
3977400
3982158
3986470
3996711
3999495
4001687
4002589
4006549
4008815
4008830
4012092
4012293
4012625
4012778
4012785
4012817
4013053
4013060
4013064
4013155
4013174
4013380
4013474
4013490
4013530
4013600
4013613
4013753
4013758
4013761
4013792
4013905
4013908
4013979
4014013
4014046
4014058
4014090
4014101
4014224
4014255
4014381
4014559
4014569
4014747
4014905
4014997
4014999
4015031
4015062
4015141
4015166
4015259
4015262
4015413
4015430
4015594
4015802
4015893
4015918
4015982
4016242
4016254
4016367
4016429
4016451
4016572
4016588
4016600
4016677
4016984
4017012
4017091
4017136
4017177
4017179
4017194
4017352
4017429
4025356
4026328
4030806
4041916
4046002
4048387
4049010
4049461
4054966
4059872
4060441
4061739
4063919
4069197
4072892
4073375
4080045
4083737
4084374
4087639
4091321
4092771
4097529
4098153
4115133
4121169
4121171
4128322
4128325
4132435
4132807
4133560
4135169
4135288
4135289
4135355
4144723
4162900
4165712
4168149
4171411
4171888
4181511
4198337
4198373
4211689
4212792
4217751
4219326
4221306
4224875
4225693
4226459
4232535
4235209
4239541
4240491
4243624
4245638
4254922
4255374
4256384
4261679
4262639
4264216
4264713
4265696
4265698
4266648
4272320
4274823
4275666
4284603
4284644
4284653
4284667
4296862
4297000
4300625
4300657
4300763
4302402
4303502
4305473
4305694
4306394
4308630
4308739
4308835
4314278
4317565
4325081
4325089
4325120
4329084
4329191
4344783
4346959
4347195
4348201
4354017
4355193
4355770
4359898
4364509
4366088
4368142
4368261
4373653
4375514
4384896
4393662
4394776
4394835
4397580
4397586
4397632
4397644
4398611
4398871
4401075
4401875
4401925
4403320
4409231
4413223
4415330
4427040
4427182
4429402
4429940
4430361
4435363
4435434
4435489
4437704
4440504
4442607
4443298
4447157
4450201
4450348
4451721
4453352
4454626
4454698
4456534
4463164
4464819
4465702
4468850
4468878
4472687
4474081
4474848
4475122
4477576
4478247
4480222
4481264
4481838
4483769
4486222
4487162
4490407
4490563
4491085
4491220
4492616
4493772
4493906
4493940
4494022
4494158
4494283
4494362
4494373
4494571
4494639
4494641
4494731
4495054
4495254
4495367
4495489
4495636
4495684
4495705
4495906
4495997
4496059
4496064
4496191
4496205
4496233
4496255
4496333
4496439
4496455
4496482
4496640
4496722
4496811
4496821
4497238
4497358
4497464
4497548
4497772
4497778
4497867
4497872
4497901
4497926
4497943
4497944
4498084
4498128
4498172
4498379
4498561
4498571
4498604
4498610
4498894
4498921
4499105
4499148
4499162
4499183
4499189
4499192
4499193
4499209
4499245
4499307
4499359
4499361
4499383
4499493
4499508
4499526
4499553
4499620
4499640
4499710
4499745
4499869
4499900
4499939
4499952
4499978
4500044
4500073
4500130
4500140
4500141
4500361
4500386
4500407
4500561
4500744
4500758
4500777
4500816
4500926
4500929
4501142
4501201
4501298
4501362
4501501
4501719
4502004
4502019
4502032
4502140
4502492
4502608
4502777
4502806
4502817
4502954
4503303
4505528
4512160
4512484
4512648
4512698
4513255
4513710
4513722
4515599
4515625
4515663
4519498
4519720
4519861
4519881
4519887
4526466
4529136
4529163
4529560
4529690
4529703
4529709
4529747
4529758
4529918
4529972
4529975
4530020
4530025
4530039
4530040
4530064
4530072
4533603
4538259
4538696
4538765
4540922
4540981
4541428
4541456
4558941
4559813
4565569
4574364
4577025
4594423
4597345
4597439
4597526
4597539
4599999
4601759
4603787
4614585
4616008
4625628
4626435
4627024
4627267
4627635
4628974
4632175
4632192
4632208
4632217
4632242
4632575
4633012
4633590
4635432
4638753
4638792
4641759
4641795
4641799
4644977
4645095
4645701
4645718
4646508
4646527
4649311
4660421
4660574
4660608
4662717
4663034
4663119
4663187
4663369
4663884
4664157
4664166
4664179
4664313
4664483
4664492
4664643
4664666
4665059
4665083
4665100
4665312
4665333
4665597
4665741
4665774
4665779
4665810
4665985
4665987
4666017
4666020
4666027
4666032
4666033
4666044
4666214
4666228
4666250
4666263
4666300
4666443
4666456
4666480
4666511
4666623
4666799
4666823
4666828
4666847
4666914
4666955
4667163
4681345
4683490
4690036
4694896
4698307
4700000
4702972
4705274
4707875
4710261
4714591
4717324
4726471
4728289
4728385
4728696
4728717
4736898
4739244
4742448
4742476
4745319
4747403
4747830
4748873
4752654
4752696
4754549
4755156
4755732
4757784
4761162
4761208
4765236
4769791
4771239
4771722
4772280
4773920
4787522
4788104
4790549
4795607
4799210
4800288
4817816
4823164
4823829
4825583
4827160
4828293
4828686
4828805
4833130
4834890
4843024
4843217
4846200
4846717
4846722
4846760
4850024
4850030
4850031
4850058
4850060
4850068
4850156
4855601
4856286
4857429
4861672
4861685
4861689
4862303
4863025
4863841
4869482
4869535
4870453
4870476
4870480
4873705
4874254
4874366
4876415
4877641
4879943
4879962
4880010
4888527
4889125
4889168
4889774
4889809
4889829
4889832
4889887
4889905
4890358
4890796
4890808
4890809
4891520
4891905
4895076
4897321
4897590
4900625
4900640
4900651
4902740
4902747
4902781
4902784
4902832
4904873
4904980
4905002
4907839
4910088
4910150
4913221
4915748
4915764
4917363
4921458
4922117
4927621
4929378
4931153
4931458
4935552
4935800
4937867
4937881
4943340
4943561
4945616
4945632
4945654
4946791
4948417
4948543
4949563
4949958
4953905
4959099
4959377
4959393
4959413
4959436
4959466
4960328
4960684
4960767
4963057
4963959
4963976
4964253
4967241
4974566
4976805
4976810
4977292
4977838
4979469
4979818
4980031
4980045
4980053
4980187
4980265
4983577
4983592
4984300
4984567
4984723
4985279
4986101
4986228
4986536
4986570
4989163
4995334
4998373
4999000
4999052
4999306
4999687
4999724
4999812
4999813
4999828
4999851
4999878
4999931
4999950
5001385
5004835
5006425
5006745
5006772
5007863
5008427
5008563
5008614
5008639
5008906
5009428
5010116
5011497
5011974
5012038
5014024
5014415
5018457
5021775
5022169
5022698
5023042
5023486
5023761
5024164
5029267
5029897
5030825
5036622
5042131
5045681
5048527
5049002
5050199
5050532
5052492
5053290
5053334
5057827
5058686
5064711
5064905
5066372
5067533
5067979
5069028
5069938
5069980
5070012
5070044
5070080
5072005
5074321
5075510
5075903
5078206
5078802
5079334
5083094
5084835
5085321
5087495
5093194
5094431
5094810
5095221
5095393
5096501
5096557
5096591
5096617
5097825
5098506
5099232
5101661
5101988
5104534
5108403
5109244
5112549
5113250
5116002
5116589
5118351
5118355
5118357
5124691
5126155
5126491
5129539
5130710
5131322
5131970
5131982
5132115
5132166
5134317
5134386
5134454
5134816
5135028
5135475
5135480
5136427
5136537
5136930
5136994
5137191
5137569
5139835
5141064
5143947
5144263
5146859
5146878
5146887
5147235
5148465
5148466
5150121
5150339
5150348
5152228
5152738
5152924
5154723
5157768
5157773
5158612
5158658
5158818
5160934
5161979
5165117
5165580
5165754
5165758
5166266
5166515
5166562
5166566
5167056
5167522
5167581
5167782
5168339
5168340
5168456
5171278
5171717
5172324
5172669
5173889
5175102
5175110
5178410
5178423
5178446
5178638
5178766
5179143
5179195
5179272
5181567
5182628
5186120
5186995
5186999
5187057
5187059
5187266
5189128
5189134
5189636
5192474
5193189
5193192
5193204
5193448
5193580
5193596
5194198
5194206
5194211
5196292
5197240
5200256
5204201
5204229
5204503
5205186
5205541
5206028
5207788
5209097
5211243
5211703
5211713
5214627
5215298
5215626
5215811
5215821
5218399
5218407
5218429
5218435
5218628
5220917
5221375
5222229
5222267
5222698
5224992
5225052
5225066
5225972
5225997
5226728
5226841
5227254
5228984
5230109
5231061
5236063
5236065
5236083
5237940
5239512
5240991
5243165
5243167
5244724
5244873
5244879
5251417
5252332
5252374
5254823
5257150
5257463
5257466
5257497
5257527
5259230
5260886
5261824
5263420
5263633
5263635
5263650
5263713
5263787
5264076
5264568
5266045
5267284
5269337
5270369
5271072
5272447
5274065
5274748
5275241
5275243
5275520
5275524
5276160
5276172
5276619
5276691
5277595
5278260
5278264
5279636
5280614
5282480
5282482
5285677
5285865
5288569
5289501
5290590
5293180
5296248
5296286
5296449
5296452
5298713
5300579
5300581
5301594
5301744
5302499
5303569
5304473
5304474
5306650
5307199
5309968
5312057
5313562
5313611
5318341
5318366
5318368
5318979
5319506
5320378
5322632
5325434
5325763
5325921
5325975
5331154
5331433
5332382
5332937
5333598
5335985
5337950
5340999
5345186
5346495
5346669
5347162
5350426
5350429
5350466
5351098
5353105
5353130
5354719
5354922
5355260
5355290
5357246
5357265
5357500
5358182
5358184
5358189
5358370
5358371
5358544
5358554
5358578
5358665
5359733
5360013
5360029
5360316
5360679
5363177
5363910
5364225
5364957
5366209
5366348
5366988
5367164
5370435
5373751
5375195
5375312
5376484
5377077
5377801
5377931
5379441
5379444
5379865
5380157
5382485
5383207
5385958
5389386
5392579
5393804
5395487
5397336
5402209
5403701
5404334
5407424
5412628
5414177
5416413
5418171
5418244
5420503
5422559
5422560
5422647
5423956
5425027
5428395
5436772
5436992
5441793
5442075
5444955
5448578
5450797
5454784
5463579
5466196
5466367
5466588
5467668
5468447
5471931
5475007
5485360
5486415
5491552
5494872
5495122
5496159
5497509
5497844
5499286
5500570
5501174
5502010
5505998
5509194
5509199
5509265
5512036
5512833
5513553
5514019
5514188
5516559
5517337
5518345
5519738
5520532
5520688
5520881
5521233
5521813
5523546
5523913
5528329
5535278
5536542
5540541
5541520
5542872
5543469
5544119
5551011
5553274
5553297
5557222
5558271
5558892
5558920
5564447
5567414
5568105
5573331
5573354
5573376
5574164
5574907
5576330
5576969
5579390
5584339
5584735
5586320
5588182
5588329
5588333
5589566
5589824
5591991
5592155
5592657
5595613
5598738
5598768
5599401
5603255
5606494
5608161
5610323
5615892
5615920
5617459
5617581
5617824
5618478
5618913
5623297
5624349
5626269
5626659
5629410
5631594
5636491
5636513
5636625
5640028
5640401
5640453
5640540
5640550
5640568
5640570
5640578
5641518
5641528
5641730
5641843
5642297
5642788
5642985
5643137
5643790
5645274
5647075
5647109
5647431
5648406
5648473
5648489
5649047
5649273
5649325
5649355
5651254
5651797
5651801
5651862
5654529
5656501
5657160
5659090
5659250
5659278
5659300
5659917
5660594
5661883
5662216
5662218
5663399
5663632
5664794
5666275
5666392
5666422
5666424
5667698
5667741
5668002
5668908
5669186
5670644
5671906
5672008
5673088
5674048
5674050
5674161
5674163
5674230
5674253
5674380
5674579
5674773
5675714
5676704
5678437
5679049
5679097
5679169
5680270
5680716
5680849
5685181
5687010
5687101
5687958
5688069
5688071
5688182
5688629
5690330
5692882
5693980
5693993
5693994
5695913
5695926
5695961
5695981
5699120
5699157
5699637
5699809
5700999
5701399
5704953
5704959
5705318
5706086
5706261
5708656
5716305
5723290
5725293
5725315
5725394
5725400
5725601
5725732
5725792
5725823
5725992
5726037
5726198
5726312
5726344
5726476
5726487
5726491
5726601
5726745
5728949
5728955
5729006
5729014
5729090
5729195
5729512
5730865
5730889
5731092
5731944
5731947
5731977
5732924
5732929
5732947
5732959
5732972
5733044
5733730
5734688
5734695
5734721
5734727
5734767
5734792
5735594
5735608
5735615
5735659
5735698
5735888
5735908
5735998
5736103
5736136
5736152
5736326
5736333
5736386
5736396
5736455
5736497
5736534
5736587
5736647
5736677
5736752
5737113
5737184
5737185
5737208
5737335
5737379
5737448
5737499
5737581
5737740
5737763
5737773
5737989
5738001
5738020
5738037
5738103
5738202
5738257
5738283
5738322
5738335
5738355
5738504
5738510
5739332
5740560
5740601
5740755
5740821
5741188
5741205
5741244
5741326
5741343
5741350
5741684
5742801
5742810
5743519
5744130
5744349
5744444
5744459
5744709
5744844
5744855
5744970
5745125
5745190
5745245
5745415
5745521
5745618
5745666
5745890
5746013
5746143
5746151
5746218
5746280
5746612
5746672
5746750
5746756
5746771
5746814
5746816
5746828
5746847
5746873
5746922
5747217
5747394
5747549
5747669
5747710
5747770
5747775
5748195
5748255
5748259
5748310
5748369
5749325
5749411
5751925
5751988
5752009
5752012
5752026
5752330
5752345
5752438
5753294
5753379
5753396
5753409
5753417
5753435
5754217
5754365
5754382
5754490
5754523
5754525
5754625
5754628
5754655
5754749
5754857
5755350
5756582
5756623
5756658
5756835
5756842
5756889
5756970
5757356
5757386
5757470
5757510
5757518
5757549
5757730
5757789
5757798
5757811
5757837
5757918
5757951
5758090
5758130
5758165
5759259
5759838
5765402
5766227
5767657
5769812
5771963
5771964
5773716
5774838
5776922
5780438
5788655
5788667
5788786
5789403
5789977
5790026
5791553
5792243
5794213
5794591
5796893
5797527
5800435
5801504
5802194
5803407
5803465
5805839
5806395
5806449
5806978
5807066
5809756
5811084
5811837
5813953
5816257
5817181
5817625
5817862
5820616
5820628
5820687
5821026
5821666
5821854
5822261
5823006
5823011
5823020
5823027
5823076
5823192
5823251
5823278
5823444
5824697
5824705
5825173
5825268
5825699
5825774
5826195
5826211
5826343
5827214
5827754
5828334
5828510
5828575
5828602
5828629
5828855
5828958
5829194
5829214
5829237
5830775
5832535
5832664
5832750
5833192
5833738
5833745
5834729
5835010
5835664
5835779
5835836
5835873
5835882
5835885
5836122
5836129
5836152
5836186
5836189
5836229
5836265
5836284
5838127
5838795
5839922
5839938
5840415
5840429
5840467
5842355
5846331
5848141
5848178
5848265
5848454
5848961
5848968
5849064
5849784
5850022
5850043
5850139
5850189
5850235
5850240
5850292
5850332
5850639
5850640
5850652
5850658
5850704
5850726
5850798
5850808
5850889
5850926
5850961
5850992
5851069
5851138
5851187
5851205
5851289
5851301
5851405
5851548
5851632
5851665
5851732
5851865
5851922
5851969
5851996
5852082
5852094
5852105
5852192
5852364
5852548
5852569
5852632
5852652
5852756
5852829
5852838
5852901
5853025
5853111
5853117
5853169
5853217
5853231
5853238
5853240
5856402
5857200
5857219
5858119
5858148
5858294
5858350
5858365
5858400
5858460
5858538
5858563
5858624
5858792
5858794
5858835
5858837
5858924
5858933
5858986
5859010
5859027
5859232
5859309
5859395
5859431
5859564
5859782
5860571
5860693
5860795
5860799
5864252
5870153
5871665
5874668
5875019
5876283
5879202
5879601
5883180
5884386
5886979
5888162
5894394
5895588
5895624
5898747
5899425
5901317
5901336
5902503
5902867
5902893
5903691
5903884
5904837
5906029
5906345
5907767
5909105
5909735
5909823
5909835
5909843
5909853
5909903
5909943
5910067
5913175
5913183
5913918
5913936
5915253
5915361
5915494
5915524
5915712
5915718
5915933
5916095
5916111
5916317
5916323
5916325
5916369
5916521
5916824
5916864
5918819
5918972
5919501
5919648
5922039
5922221
5924911
5926224
5926988
5927315
5930322
5933701
5933730
5933774
5934903
5936480
5936652
5936676
5936973
5937009
5937233
5937255
5937490
5937724
5937732
5937908
5937973
5938083
5938089
5938193
5938440
5938444
5938460
5938675
5938711
5938793
5938847
5938891
5938915
5938987
5938993
5939001
5939082
5939623
5939639
5939651
5942135
5942164
5942256
5942262
5942545
5942562
5942683
5943601
5945218
5945264
5945284
5951274
5951508
5951510
5951587
5953371
5953559
5955999
5956063
5957255
5958242
5958289
5958384
5958412
5958423
5958494
5958501
5958509
5958514
5958576
5958773
5961612
5961614
5964318
5964347
5964445
5964476
5966432
5966474
5969191
5969938
5973901
5974540
5975296
5975530
5975555
5975605
5975658
5976755
5978095
5978114
5981465
5981516
5983934
5985037
5985060
5986442
5989793
5992673
5992839
5994938
5998465
6000079
6000181
6001629
6002339
6002385
6002856
6003094
6003665
6003711
6003844
6003977
6003985
6005980
6007748
6008233
6008893
6010468
6011114
6011162
6011983
6012862
6013050
6013105
6013146
6014216
6015006
6015140
6015148
6015369
6017221
6017342
6018435
6018452
6018547
6019015
6019963
6021993
6023029
6023114
6023757
6024920
6025354
6025437
6026508
6026639
6026642
6027541
6028280
6029099
6029150
6029178
6029337
6029347
6029374
6029393
6029516
6030647
6031527
6031944
6033126
6033140
6033152
6033174
6033377
6033404
6033655
6033743
6033818
6033884
6035479
6035779
6037205
6037923
6037943
6038072
6038124
6038257
6038288
6039629
6040052
6040117
6040494
6040537
6042665
6042684
6043076
6043453
6043609
6043827
6043829
6044032
6044179
6044525
6044842
6046797
6046816
6046847
6048383
6048435
6048709
6048775
6049005
6049023
6049083
6049161
6049205
6049319
6049335
6049419
6049443
6050299
6050307
6050846
6051388
6051891
6058272
6058289
6058775
6058824
6059314
6060645
6061744
6063570
6063903
6064836
6065468
6069035
6069091
6069667
6071481
6071742
6072173
6072618
6072622
6074221
6074234
6075305
6077876
6078215
6078226
6078232
6078348
6078632
6079226
6080607
6080705
6080799
6082579
6082710
6082789
6083807
6083991
6084075
6084350
6084363
6086641
6088279
6088333
6088340
6088389
6089677
6090087
6090243
6090289
6090619
6092608
6092630
6092661
6093002
6094354
6094712
6094738
6094759
6094770
6095199
6097094
6097128
6097247
6097319
6097348
6097388
6097712
6097869
6098934
6099406
6100090
6100091
6100163
6101272
6102284
6102587
6104350
6104421
6104629
6105349
6106105
6106341
6106766
6106822
6106937
6107009
6107165
6107185
6107220
6107234
6107354
6107394
6107395
6107494
6107792
6107798
6108297
6108299
6108567
6108821
6110461
6110492
6110543
6111420
6111846
6111873
6111906
6113051
6113207
6113329
6113671
6113887
6113952
6115319
6115547
6115616
6115631
6115828
6116187
6116210
6116238
6117043
6118499
6118640
6118699
6118746
6118825
6118894
6118920
6120284
6121151
6121204
6125970
6126108
6126359
6126714
6128440
6133769
6134071
6135675
6137144
6138535
6139800
6140019
6142961
6143609
6145899
6146162
6146241
6146313
6157112
6157136
6158634
6161183
6162118
6162297
6162579
6166896
6167600
6167818
6168242
6171474
6171976
6172019
6172219
6173678
6174340
6175538
6176235
6177042
6196206
6196213
6196791
6197237
6199588
6200547
6200977
6201043
6201674
6201741
6202978
6203092
6206779
6207971
6208643
6209970
6211513
6211530
6213246
6213808
6216729
6217058
6217256
6217938
6217950
6218748
6220272
6220361
6220375
6220483
6220795
6221110
6221132
6221296
6221343
6221548
6221707
6221726
6222213
6222216
6222426
6222432
6222749
6223250
6223580
6224593
6225481
6226081
6226936
6227474
6227886
6228026
6228552
6229031
6229215
6229577
6229663
6229687
6229763
6230445
6230498
6231118
6231312
6232174
6232217
6232274
6233093
6233111
6234487
6234625
6234673
6234808
6235372
6235406
6235472
6235574
6236101
6236171
6236195
6236309
6236330
6237021
6237033
6237114
6237360
6237645
6238122
6238206
6238434
6238437
6239175
6239265
6239605
6239649
6240325
6240427
6240529
6240580
6240676
6240748
6240832
6240979
6241663
6241687
6241714
6241744
6241978
6242023
6242215
6242324
6242330
6242375
6242905
6243145
6243197
6243275
6243308
6243513
6243585
6243793
6243985
6244385
6244530
6244593
6244695
6244740
6244761
6245071
6245101
6245185
6245203
6245221
6245941
6246046
6246178
6246220
6246256
6246307
6246505
6246514
6246740
6246770
6246860
6246917
6246950
6247619
6247748
6247877
6247883
6248001
6248004
6248234
6248273
6248520
6248559
6248664
6249409
6249535
6250387
6250522
6251030
6251093
6251243
6251246
6251396
6251471
6251682
6251703
6253093
6253267
6253349
6253427
6253451
6253517
6253550
6253685
6253790
6253838
6254009
6254667
6255027
6255039
6255060
6255078
6255150
6255156
6255237
6255342
6255512
6255629
6255788
6256235
6256607
6256673
6256715
6256904
6257111
6257282
6257735
6258161
6258170
6258380
6258494
6258599
6258698
6258704
6258782
6259081
6259132
6259213
6259219
6259282
6259285
6259438
6259568
6260383
6260519
6260609
6260966
6261118
6261263
6261437
6261452
6261518
6261533
6262184
6262395
6262461
6262657
6262756
6262837
6262879
6262894
6263021
6263419
6264218
6264338
6264440
6264509
6264587
6264641
6264674
6264719
6264986
6265028
6265031
6265596
6265818
6265824
6265842
6266370
6266547
6266646
6266664
6266667
6266709
6266712
6266733
6266814
6266838
6267213
6267267
6267459
6267641
6267689
6267761
6267905
6268022
6268169
6268205
6268328
6268364
6269099
6269207
6269243
6269264
6269384
6269492
6269612
6269633
6270272
6270311
6270407
6270452
6270590
6270692
6270824
6270827
6270848
6270854
6270866
6270869
6270936
6270957
6271017
6271023
6271176
6271260
6271458
6271473
6271527
6271581
6271695
6271815
6272226
6272256
6272460
6272466
6272475
6272499
6272577
6272706
6272733
6273216
6273260
6273314
6273338
6273365
6273482
6273635
6273794
6274001
6274064
6274079
6274085
6274346
6274358
6274436
6274439
6274607
6274637
6274709
6274715
6274733
6274793
6275382
6276520
6276634
6286234
6286916
6287059
6287132
6288721
6289666
6289906
6292060
6292113
6293948
6294023
6294170
6296921
6297913
6297930
6298103
6299177
6299207
6303006
6303572
6303586
6304964
6307721
6309240
6309900
6310063
6310343
6311110
6311440
6311523
6314320
6314382
6316446
6319335
6324413
6328003
6328024
6328047
6329226
6330293
6330492
6332297
6334546
6334844
6335562
6335648
6335729
6335953
6335977
6336076
6337194
6337229
6337263
6337415
6337466
6337519
6337676
6337718
6337856
6337964
6339037
6339218
6339292
6339439
6339481
6340081
6340568
6340604
6340898
6341069
6341078
6341111
6341181
6341339
6342191
6342316
6342379
6342679
6342799
6342823
6343000
6343018
6343132
6343231
6343523
6343577
6343607
6343655
6343688
6343697
6343760
6343838
6344179
6344437
6344467
6344969
6345041
6345083
6345092
6345116
6345500
6345536
6345578
6345614
6345893
6346181
6346256
6346301
6346501
6346579
6347071
6347131
6347365
6347761
6347920
6348058
6348391
6348530
6348728
6348806
6349101
6349303
6349408
6349432
6349519
6349558
6349661
6349739
6350219
6350300
6350420
6350552
6350711
6351282
6351351
6351591
6351677
6352166
6352247
6352289
6352887
6352956
6353724
6353760
6354171
6354258
6354288
6354309
6354324
6354390
6354399
6354453
6354968
6354986
6354995
6355721
6355736
6355793
6356086
6356241
6356295
6356466
6356583
6356625
6356649
6356664
6356802
6356859
6357183
6357237
6357348
6357438
6357594
6357697
6357700
6357797
6357953
6357992
6358019
6358082
6358226
6358322
6358358
6358550
6358553
6358628
6358643
6358739
6359673
6359701
6361453
6362474
6363100
6365140
6365772
6365875
6365909
6367123
6372461
6372753
6373936
6374257
6375385
6376021
6376526
6376616
6378666
6378701
6378900
6380279
6381267
6382799
6382858
6382868
6383280
6383589
6384950
6385507
6385643
6386375
6388632
6391673
6392087
6393027
6393238
6393379
6393848
6394274
6395933
6395992
6398218
6398228
6398325
6398726
6399595
6399650
6401258
6401259
6401264
6402332
6403212
6403294
6403905
6404586
6407723
6408481
6411456
6412850
6413401
6413570
6423173
6431274
6432204
6445070
6445161
6445308
6447763
6476468
6523694
6524453
6528144
6529271
6552398
6575801
6578630
6579102
6586622
6602055
6649082
6649177
6649271
6659539
6660342
6660363
6660717
6662140
6662862
6664504
6665221
6665950
6687314
6687593
6687594
6687961
6695883
6716073
6728817
6733921
6759542
6760649
6783892
6790067
6796689
6824222
6833092
6838800
6842880
6849106
6855648
6861091
6861459
6868108
6869500
6870953
6871107
6871125
6871293
6888177
6890949
6900590
6907721
6910106
6912104
6942404
6994554
7008118
7035344
7071685
7119974
7134482
7136388
7136534
7136587
7136597
7136690
7136911
7155268
7159200
7160068
7163297
7164360
7174393
7197367
7197851
7198386
7199814
7208168
7213154
7218441
7230234
7236920
7240518
7264978
7279716
7283075
7290399
7355493
7382343
7382731
7383698
7383950
7383973
7384053
7384100
7384160
7385011
7385581
7385655
7386103
7386119
7386872
7387156
7387275
7387348
7388181
7388584
7388881
7389692
7391152
7391593
7392167
7392932
7393520
7393904
7394065
7394076
7394463
7394515
7395290
7395295
7395837
7396286
7396289
7396494
7397231
7397376
7398279
7399905
7400679
7400832
7401026
7401645
7401898
7402018
7402211
7402251
7402464
7402679
7402983
7403100
7403540
7403606
7404374
7404617
7405293
7405658
7405701
7406508
7406593
7407326
7408537
7408619
7409186
7410391
7427689
7434430
7438707
7438783
7440109
7440615
7440716
7442477
7443022
7444204
7444400
7444723
7444871
7453260
7473033
7473373
7474377
7474523
7474576
7474624
7474642
7474855
7475136
7475398
7475538
7475998
7476133
7476445
7476611
7476687
7482069
7484121
7488705
7489880
7490323
7494434
7537661
7633053
7633581
7637268
7646890
7683426
7704635
7712675
7734383
7752582
7775686
7780249
7780313
7784861
7791643
7810284
7810472
7828431
7848638
7857688
7867779
7869808
7884276
7920169
7920361
7961633
8023855
8028296
8045914
8069311
8071711
8093996
8115603
8115624
8161098
8170333
8175550
8181108
8184155
8184694
8188770
8198166
8202077
8211082
8213156
8229124
8230651
8233142
8241428
8243365
8246895
8247332
8247640
8257225
8259681
8260638
8276046
8277631
8279722
8279755
8282132
8282317
8285402
8288891
8289629
8290677
8290797
8301644
8303920
8314812
8319113
8329524
8333051
8357920
8370814
8382614
8385796
8385938
8386946
8388706
8408449
8409570
8414693
8416612
8416887
8417389
8417574
8419176
8456009
8456173
8462040
8466642
8473005
8473034
8475734
8476276
8477198
8478014
8478465
8478850
8480321
8480626
8497955
8505588
8510344
8510592
8513692
8513717
8513749
8513809
8514346
8514389
8514405
8515238
8515301
8515385
8515989
8516111
8519300
8519379
8519438
8519600
8519851
8520228
8520277
8520905
8520934
8521367
8521547
8522490
8525578
8525758
8525768
8526967
8527928
8528226
8528713
8529346
8532281
8532486
8535128
8535236
8535321
8535427
8535470
8535586
8535803
8535809
8535822
8536179
8536359
8541560
8562989
8565000
8566703
8567041
8572577
8572683
8575229
8583352
8589749
8594746
8614388
8651838
8714670
8721075
8735826
8741068
8761660
8771323
8781015
8782928
8788148
8788404
8788546
8794253
8795720
8802570
8808813
8811204
8811932
8818891
8828623
8830739
8836744
8836833
8836902
8837942
8843579
8870294
8873722
8889182
8891976
8901455
8901485
8915877
8920186
8932622
8934492
8935558
8946705
8949859
8965543
8975023
8978095
8982798
8983752
8988117
8992170
8992498
8992938
8996439
9003352
9021470
9026651
9027375
9037236
9052677
9054802
9056789
9071217
9074761
9080374
9117527
9118371
9131688
9133571
9146409
9159380
9177098
9182444
9192601
9194740
9199650
9202879
9210753
9218257
9241925
9251176
9314875
9329049
9331723
9337135
9339331
9340905
9345383
9350804
9361232
9380534
9387447
9388203
9399233
9440205
9460796
9472715
9476142
9497596
